# lk_weather_3h

The Department of Meteorology of Sri Lanka
publishes 3-hourly weather reports
at [https://www.meteo.gov.lk](https://www.meteo.gov.lk).
This repository scrapes, stores and aggregates this data.

## Latest 3-hourly Weather Reports

*2026-02-19 23:30:00*

| Station ID | Station Name | Time (UT) | Rain (mm) | Temp (°C) | RH (%) |
|-----------:|--------------|-----------|----------:|----------:|-------:|
| 43413 | Mannar | 2026-02-19 23:30:00 |  | 26.3 | 86% |
| 43418 | Trincomalee | 2026-02-19 23:30:00 |  | 26.2 | 86% |
| 43421 | Anuradhapura | 2026-02-19 23:30:00 |  | 23.8 | 91% |
| 43424 | Puttalam | 2026-02-19 23:30:00 |  | 25.1 | 87% |
| 43436 | Batticaloa | 2026-02-19 23:30:00 |  | 26.5 | 92% |
| 43441 | Kurunegala | 2026-02-19 23:30:00 |  | 25.3 | 87% |
| 43444 | Katugastota | 2026-02-19 23:30:00 | 0.3 | 22.4 | 95% |
| 43450 | Katunayake | 2026-02-19 23:30:00 |  | 27.1 | 78% |
| 43466 | Colombo | 2026-02-19 23:30:00 |  | 27.8 | 75% |
| 43467 | Ratmalana | 2026-02-19 23:30:00 |  | 27.6 | 76% |
| 43473 | Nuwara Eliya | 2026-02-19 23:30:00 | 1.9 | 14.7 | 96% |
| 43486 | Ratnapura | 2026-02-19 23:30:00 |  | 24.1 | 97% |
| 43495 | Galle | 2026-02-19 23:30:00 |  | 25.4 | 88% |
| 43497 | Hambantota | 2026-02-19 23:30:00 |  | 25.0 | 91% |
| 330601 | Mattala | 2026-02-19 23:30:00 | 2.3 | 24.0 | 95% |
